add_gradient 927.585632 855.033081 981.143982 1304.359619
add_point 1 0.000000 33.906857
add_point 1 25.000000 34.628021
add_point 1 54.000000 36.414173
add_point 0 147.000000 45.438591
add_point 1 150.000000 45.721313
add_point 0 152.000000 45.907936
add_point 1 155.000000 46.183018
add_point 1 197.000000 49.364151
add_point 1 229.000000 50.714340
add_point 0 282.000000 51.217056
add_point 0 286.000000 51.211937
add_point 1 289.000000 51.206993
add_point 0 291.000000 51.202316
add_point 1 294.000000 51.196365
add_point 0 296.000000 51.192047
add_point 1 299.000000 51.185272
add_point 0 339.000000 51.165791
add_point 1 342.000000 51.172916
add_point 0 350.000000 51.197990
add_point 1 355.000000 51.217968
add_point 1 452.507263 52.197617
add_gradient 1239.319092 1545.323486 704.169128 1547.062378
add_point 1 0.000000 31.372734
add_point 1 22.000000 32.067028
add_point 1 54.000000 35.178379
add_point 1 66.000000 36.931046
add_point 1 88.000000 41.725735
add_point 1 107.000000 45.132534
add_point 1 173.000000 58.985214
add_point 1 184.000000 61.858105
add_point 1 193.000000 64.723923
add_point 1 201.000000 67.971916
add_point 0 208.936768 71.996338
add_point 1 228.149170 84.638184
add_point 1 245.000000 88.026840
add_point 0 259.000000 89.135948
add_point 1 262.000000 89.302818
add_point 1 275.000000 90.276749
add_point 1 287.000000 91.840164
add_point 1 310.000000 93.715096
add_point 1 331.000000 94.028122
add_point 1 354.000000 92.848862
add_point 1 375.000000 90.509300
add_point 1 382.000000 89.307510
add_point 1 412.000000 81.966904
add_point 1 430.000000 76.701012
add_point 1 464.000000 66.006264
add_point 1 477.000000 62.843132
add_point 1 490.000000 60.667526
add_point 0 505.000000 58.897228
add_point 1 508.000000 58.543858
add_point 1 520.000000 57.279804
add_point 1 527.000000 57.151127
add_point 1 535.152771 57.832935
add_gradient 617.531128 1403.666504 586.230713 1351.281860
add_point 0 0.000000 0.000000
add_point 1 39.927124 -0.060425
add_point 1 58.637268 2.018555
add_point 0 61.023495 3.885986
add_gradient 614.385315 1376.184692 664.385315 1376.184692
add_point 0 0.000000 0.000000
add_point 0 50.000000 0.000000
add_gradient 1097.481079 674.133545 775.110718 425.718750
add_point 1 0.000000 75.056900
add_point 1 23.000000 71.072922
add_point 1 114.000000 54.031368
add_point 1 151.000000 48.689434
add_point 1 171.000000 46.658684
add_point 1 188.000000 45.505730
add_point 1 205.000000 44.917030
add_point 1 223.000000 44.910919
add_point 1 242.000000 45.527206
add_point 0 280.000000 47.970837
add_point 1 284.000000 48.264439
add_point 1 339.000000 51.746727
add_point 1 381.000000 52.657722
add_point 1 406.979797 52.117924
add_gradient 615.518860 1402.400879 614.967773 1365.445923
add_point 0 0.000000 0.000000
add_point 1 19.903259 0.074463
add_point 1 32.466248 -1.110718
add_point 1 35.814392 -0.340332
add_point 0 36.959099 1.318848
add_gradient 753.078552 1338.091431 832.693665 1403.489502
add_point 0 0.000000 0.000000
add_point 1 77.162903 0.000610
add_point 1 99.487793 0.538574
add_point 0 103.031418 2.267700
add_gradient 644.347168 1139.593994 820.549194 710.649597
add_point 1 0.000000 48.717075
add_point 0 21.000000 49.344952
add_point 1 24.000000 49.450169
add_point 0 48.000000 50.424454
add_point 1 51.000000 50.558563
add_point 0 62.000000 51.060795
add_point 1 66.000000 51.245186
add_point 0 68.000000 51.336914
add_point 1 72.000000 51.520374
add_point 0 76.000000 51.701702
add_point 1 79.000000 51.836216
add_point 0 84.000000 52.056999
add_point 1 87.000000 52.187244
add_point 0 128.000000 53.680176
add_point 1 131.000000 53.765461
add_point 0 195.000000 54.703224
add_point 0 198.000000 54.724171
add_point 1 202.000000 54.752892
add_point 0 204.000000 54.767845
add_point 1 207.000000 54.791286
add_point 0 257.000000 55.424080
add_point 1 267.000000 55.592270
add_point 1 294.000000 55.890289
add_point 1 312.000000 55.583782
add_point 1 326.000000 54.826973
add_point 1 365.000000 51.347427
add_point 1 378.000000 50.621021
add_point 1 446.000000 50.046143
add_point 1 463.724548 50.236954
add_gradient 1292.260132 493.618866 1414.034912 647.528687
add_point 0 0.000000 50.236969
add_point 1 25.000000 50.237045
add_point 1 139.000000 67.026253
add_point 1 151.000000 67.101089
add_point 1 161.000000 65.567017
add_point 0 186.000000 59.142818
add_point 1 189.000000 58.351315
add_point 1 196.258331 56.432594
add_gradient 1533.473877 565.888245 1385.307495 421.410706
add_point 1 0.000000 30.951092
add_point 1 32.000000 33.631058
add_point 1 110.000000 41.710217
add_point 1 127.000000 43.106777
add_point 1 164.000000 44.922581
add_point 1 186.000000 45.065407
add_point 1 206.946945 44.488525
add_gradient 1664.504272 748.236694 1258.652344 868.397156
add_point 1 0.000000 28.771317
add_point 0 24.000000 28.891178
add_point 1 27.000000 28.902534
add_point 0 31.000000 28.917484
add_point 1 35.000000 28.929527
add_point 0 42.000000 28.950174
add_point 1 45.000000 28.957977
add_point 0 78.000000 28.990736
add_point 0 84.000000 28.986868
add_point 1 91.000000 28.979691
add_point 0 94.000000 28.974140
add_point 1 97.000000 28.969950
add_point 0 123.000000 28.898594
add_point 1 129.000000 28.878637
add_point 0 161.000000 28.862297
add_point 1 164.000000 28.880894
add_point 1 205.000000 29.808996
add_point 1 238.000000 31.693829
add_point 0 286.000000 36.001751
add_point 1 289.000000 36.304424
add_point 0 295.000000 36.913414
add_point 1 298.000000 37.218964
add_point 0 325.000000 39.918751
add_point 1 328.000000 40.207214
add_point 1 380.000000 44.522114
add_point 1 423.266266 47.336407
add_gradient 703.289246 923.884338 800.733582 737.581116
add_point 1 0.000000 54.912590
add_point 1 11.000000 56.049568
add_point 1 18.000000 58.414261
add_point 1 21.000000 60.031788
add_point 1 29.000000 66.424202
add_point 1 30.000000 66.859459
add_point 0 34.000000 66.975838
add_point 0 46.000000 67.266846
add_point 1 50.000000 67.364632
add_point 1 71.000000 67.742744
add_point 1 91.000000 67.564064
add_point 1 112.000000 66.386101
add_point 1 133.000000 64.555176
add_point 1 160.000000 62.783096
add_point 1 165.000000 61.901249
add_point 1 172.000000 60.029610
add_point 1 196.000000 52.182133
add_point 1 203.000000 50.783703
add_point 1 210.248169 50.055038
add_gradient 732.850708 866.065552 836.322266 939.099792
add_point 0 0.000000 0.000000
add_point 0 126.650558 0.000000
add_gradient 749.630310 850.300049 799.630310 850.300049
add_point 0 0.000000 0.000000
add_point 0 50.000000 0.000000
add_gradient 704.853333 923.769043 827.881348 716.403870
add_point 1 0.000000 55.016705
add_point 1 6.000000 55.480103
add_point 1 11.000000 56.345963
add_point 1 16.000000 58.006912
add_point 1 20.000000 60.132782
add_point 1 27.000000 65.215805
add_point 1 31.000000 66.758766
add_point 0 38.000000 67.090485
add_point 1 51.000000 67.406143
add_point 1 81.000000 67.730652
add_point 1 101.000000 67.060265
add_point 1 187.393250 63.785889
add_point 1 239.000000 50.176903
add_point 1 241.114517 50.201744
add_gradient 1242.074951 1060.042114 1108.645142 955.857178
add_point 1 0.000000 45.435932
add_point 0 1.000000 45.608818
add_point 1 4.000000 46.128174
add_point 1 169.286789 57.667557
add_gradient 688.232544 958.567688 853.149597 683.533508
add_point 1 0.000000 54.621784
add_point 1 42.000000 55.234192
add_point 1 50.000000 56.446991
add_point 1 54.000000 57.765930
add_point 1 58.000000 59.757725
add_point 1 67.000000 65.954956
add_point 1 70.000000 66.797722
add_point 1 120.513977 69.211182
add_point 1 207.060486 74.603333
add_point 1 305.030823 51.847168
add_point 1 320.688995 50.219322
add_gradient 1169.066772 1426.489136 1006.207520 1395.674316
add_point 0 0.000000 0.000000
add_point 0 165.748871 0.000000
add_gradient 1403.087036 615.390381 1363.092041 685.598938
add_point 0 0.000000 0.000000
add_point 1 52.372681 -0.065125
add_point 1 75.750244 1.091370
add_point 0 80.801247 4.580994
add_gradient 1337.108276 620.649292 1466.168335 679.815796
add_point 1 0.000000 65.812363
add_point 1 14.000000 67.085289
add_point 1 32.000000 67.264153
add_point 1 47.000000 65.659660
add_point 1 58.000000 63.299900
add_point 1 83.000000 56.414402
add_point 1 110.000000 47.615101
add_point 1 127.000000 42.710926
add_point 1 141.975967 38.901371
add_gradient 1410.433960 626.809448 1358.707886 682.763855
add_point 0 0.000000 0.000000
add_point 0 76.200279 0.000000
add_gradient 1334.074219 609.806885 1392.988403 685.211426
add_point 1 0.000000 64.858849
add_point 1 2.983154 65.178955
add_point 1 9.239014 66.480469
add_point 1 15.283447 68.910095
add_point 1 42.000000 67.297012
add_point 1 54.000000 66.523811
add_point 1 65.000000 65.021935
add_point 1 95.690781 57.975086
add_gradient 1320.379761 559.504150 1525.653809 644.363464
add_point 1 0.000000 55.159466
add_point 1 6.013062 54.210083
add_point 1 204.000000 32.290493
add_point 1 222.122803 30.143513
add_gradient 1321.224121 541.091553 1383.395630 580.899719
add_point 0 0.000000 55.510529
add_point 1 24.000000 58.645336
add_point 1 27.000000 58.499790
add_point 1 31.000000 57.396915
add_point 1 40.000000 53.469589
add_point 1 45.000000 52.003941
add_point 1 65.000000 48.382545
add_point 1 73.824028 47.969997
add_gradient 1504.820312 607.540527 1534.385132 644.538696
add_point 0 0.000000 0.000000
add_point 1 31.793457 0.112854
add_point 1 43.585449 0.873657
add_point 0 47.359734 3.155945
add_gradient 759.186218 1193.248291 647.324524 1139.876343
add_point 1 0.000000 31.844057
add_point 1 29.000000 34.628036
add_point 1 37.000000 36.330730
add_point 1 123.941933 48.785450
add_gradient 1481.413086 729.658020 1264.022339 813.150513
add_point 1 0.000000 33.120781
add_point 1 4.583252 33.290649
add_point 1 27.776245 35.322937
add_point 0 40.996460 42.718689
add_point 1 44.327881 45.756653
add_point 1 49.942749 47.432800
add_point 1 94.006836 48.246033
add_point 1 164.760254 64.595398
add_point 1 215.000000 55.945347
add_point 1 232.872787 55.603394
add_gradient 1291.623291 791.821167 1273.086182 861.385132
add_point 1 0.000000 58.723465
add_point 1 49.000000 47.843018
add_point 1 53.000000 46.940788
add_point 1 61.000000 46.568157
add_point 1 71.991455 46.802589
add_gradient 1304.092896 792.270020 1339.638184 809.007019
add_point 0 0.000000 0.000000
add_point 0 39.288609 0.000000
add_gradient 1638.588989 1097.697754 1637.496582 889.414978
add_point 1 0.000000 -0.001770
add_point 1 7.776245 0.289001
add_point 0 20.894653 3.132446
add_point 1 32.526733 8.043762
add_point 1 47.735718 9.599426
add_point 1 75.426880 10.239197
add_point 1 160.328491 9.233887
add_point 1 201.911011 0.825989
add_point 0 208.285629 0.000000
add_gradient 1058.236084 906.276184 1121.295044 828.777222
add_point 1 0.000000 50.813313
add_point 1 5.000000 50.287949
add_point 1 24.000000 46.914936
add_point 1 32.000000 46.081879
add_point 1 93.954224 48.360352
add_point 1 99.912804 53.187683
add_gradient 1303.300171 826.924866 1251.676025 843.350708
add_point 0 0.000000 0.000000
add_point 1 37.350464 -0.020752
add_point 1 50.007935 1.944153
add_point 0 54.174355 5.188477
add_gradient 959.193970 1255.473511 1095.064331 1358.144775
add_point 1 0.000000 49.404705
add_point 1 7.000000 48.608459
add_point 1 15.000000 48.343830
add_point 1 160.000000 45.247372
add_point 1 170.300156 44.861614
add_gradient 1062.542603 1348.182983 1134.923706 1353.666382
add_point 1 0.000000 45.818878
add_point 0 22.938843 45.146851
add_point 1 56.479126 45.786499
add_point 1 72.588509 40.431423
add_gradient 1238.209229 947.365479 1203.255371 1090.845459
add_point 0 0.000000 0.000000
add_point 0 147.676254 0.029236
add_gradient 1163.527100 695.979309 1140.496826 432.044189
add_point 0 0.000000 0.000000
add_point 0 264.937988 0.000000
add_gradient 1287.814087 1401.599854 1334.057129 1347.184570
add_point 0 0.000000 0.000000
add_point 1 54.822388 0.001831
add_point 1 67.644531 0.839966
add_point 0 71.410378 2.599854
add_gradient 1290.253906 1356.897583 1334.510010 1388.045898
add_point 1 0.000000 0.070557
add_point 1 27.201904 3.171265
add_point 0 54.118576 0.000000
add_gradient 1290.133179 1397.259888 1286.607666 1350.232910
add_point 0 0.000000 0.000000
add_point 1 33.427124 0.012207
add_point 1 46.200562 0.166504
add_point 0 47.158981 1.044189
add_gradient 1208.220825 1411.480591 1361.270630 1408.952026
add_point 0 0.000000 0.000000
add_point 1 134.979004 -0.016235
add_point 1 149.883301 0.837769
add_point 0 153.070679 2.656616
add_gradient 1505.119019 723.477051 1264.497314 811.726807
add_point 1 0.000000 31.340954
add_point 1 3.967163 31.789551
add_point 1 17.226318 34.397888
add_point 0 26.735962 39.071228
add_point 1 34.832764 45.266113
add_point 1 42.211304 47.503906
add_point 1 70.329590 46.517212
add_point 1 106.481445 55.960327
add_point 1 161.378662 56.242249
add_point 1 185.338989 64.276001
add_point 1 193.000000 64.545235
add_point 1 204.000000 63.204010
add_point 1 222.000000 59.131817
add_point 1 236.000000 56.456478
add_point 1 256.294403 54.596104
add_gradient 990.786011 911.853455 987.622437 826.830505
add_point 0 0.000000 0.000000
add_point 1 72.568237 -0.031799
add_point 1 82.746216 0.485168
add_point 0 85.081779 1.971497
add_gradient 1611.232300 1206.088379 1545.371094 1159.572510
add_point 0 0.000000 0.000000
add_point 1 58.243286 0.055176
add_point 1 75.549072 1.563660
add_point 0 80.631462 4.329224
add_gradient 697.549377 1158.270020 658.793823 1118.329346
add_point 1 0.000000 42.603977
add_point 1 24.829773 52.029663
add_point 1 55.652946 49.453384
add_gradient 721.476257 1100.037109 669.852234 1154.007690
add_point 0 0.000000 0.000000
add_point 1 61.691833 0.032227
add_point 1 72.300232 0.291382
add_point 0 74.685097 1.683960
add_gradient 746.070557 1186.402954 660.026123 1157.247314
add_point 1 0.000000 33.852810
add_point 1 13.000000 34.540680
add_point 1 31.339478 43.262817
add_point 1 90.849854 46.828667
add_gradient 701.406067 1112.270508 689.446655 1183.030396
add_point 0 0.000000 0.000000
add_point 1 57.908569 0.081421
add_point 1 66.554138 0.388794
add_point 0 71.763428 2.771118
add_gradient 1480.765869 593.843506 1537.418213 615.465271
add_point 0 0.000000 0.366455
add_point 1 13.557861 2.359680
add_point 1 48.355835 2.765503
add_point 0 60.638180 0.000000
add_gradient 1501.070923 600.923950 1523.539062 620.615662
add_point 0 0.000000 0.000000
add_point 1 17.388794 -0.070496
add_point 1 28.840454 0.369934
add_point 0 29.876127 1.250854
add_gradient 1437.371460 470.643463 1387.141846 440.346283
add_point 0 0.000000 0.000000
add_point 1 38.335327 -0.138092
add_point 1 53.387817 1.546478
add_point 0 58.659470 4.915558
add_gradient 1451.563965 465.233429 1402.533813 452.630096
add_point 0 0.000000 0.000000
add_point 1 38.464844 -0.050903
add_point 1 45.211182 -0.553741
add_point 1 49.485229 -0.092804
add_point 0 50.624104 0.870941
add_gradient 1584.161987 609.052002 1675.786865 576.506653
add_point 0 0.000000 0.000000
add_point 1 82.661743 0.031067
add_point 1 93.400024 0.510864
add_point 0 97.233345 2.178711
add_gradient 1689.339966 952.831299 1736.978760 952.549377
add_point 1 0.000000 22.375851
add_point 1 47.639629 22.541992
add_gradient 1711.400269 849.153137 1711.246582 923.236328
add_point 0 0.000000 0.000000
add_point 0 68.703613 5.994263
add_point 0 74.083351 0.000000
add_gradient 1674.097168 1160.854858 1673.499268 1208.891846
add_point 0 0.000000 0.000000
add_point 1 29.012085 -0.267456
add_point 1 43.452637 1.893555
add_point 0 48.040707 5.033081
add_gradient 1598.751099 916.427551 1657.953979 897.241821
add_point 0 0.000000 0.000000
add_point 0 26.435791 0.014465
add_point 1 54.101685 -0.907715
add_point 1 59.173828 0.398743
add_point 0 62.234055 2.857910
add_gradient 1586.668213 927.322510 1636.113281 903.689453
add_point 0 0.000000 0.000000
add_point 1 41.467285 -0.036377
add_point 1 48.922485 -0.765686
add_point 1 53.406128 -0.472351
add_point 0 54.802704 0.575195
add_gradient 1102.179688 1197.788452 997.356628 1333.043945
add_point 0 0.000000 0.000000
add_point 1 155.232544 0.020508
add_point 1 166.793335 0.386108
add_point 0 171.119614 2.122437
add_gradient 1649.946045 810.179871 1688.564453 747.319275
add_point 0 0.000000 0.000000
add_point 1 52.363037 0.121643
add_point 1 69.006592 2.114868
add_point 0 73.775581 5.503357
add_gradient 1711.427856 940.617371 1706.353882 1157.951538
add_point 1 0.000000 23.197767
add_point 1 5.459595 23.690735
add_point 1 25.620117 29.450867
add_point 0 73.000000 31.039501
add_point 1 81.000000 31.281662
add_point 1 122.000000 32.136124
add_point 1 146.000000 31.868849
add_point 1 163.000000 31.099979
add_point 1 178.000000 29.908291
add_point 1 189.000000 28.360796
add_point 1 211.653320 23.290894
add_point 1 217.393387 22.627756
add_gradient 1712.985474 864.117065 1707.347778 1175.883301
add_point 1 0.000000 22.846004
add_point 1 26.000000 24.243340
add_point 1 38.000000 26.412827
add_point 1 43.000000 28.251598
add_point 0 46.000000 30.051508
add_point 1 50.000000 32.861168
add_point 1 52.000000 34.202248
add_point 1 58.000000 34.819061
add_point 0 83.000000 37.866306
add_point 1 86.000000 38.303909
add_point 1 106.000000 40.923428
add_point 1 120.000000 41.928879
add_point 1 131.000000 41.861561
add_point 1 144.000000 40.700665
add_point 1 179.000000 35.913071
add_point 1 232.753296 36.367310
add_point 1 301.000000 22.406000
add_point 1 311.817200 22.460619
add_gradient 1060.590942 2108.738281 1006.546631 -49.246990
add_point 0 0.000000 30.520964
add_point 1 60.000000 30.603989
add_point 0 105.000000 32.752838
add_point 1 111.000000 33.097095
add_point 0 115.000000 33.320557
add_point 1 118.000000 33.485535
add_point 0 145.000000 34.816391
add_point 1 148.000000 34.948547
add_point 0 156.000000 35.288708
add_point 1 160.000000 35.455193
add_point 0 161.000000 35.495430
add_point 1 164.000000 35.618607
add_point 1 200.000000 37.221615
add_point 1 240.000000 39.948597
add_point 1 292.000000 45.182133
add_point 0 371.000000 56.148567
add_point 1 374.000000 56.584637
add_point 1 420.000000 64.031052
add_point 1 451.000000 67.377098
add_point 1 458.000000 69.185501
add_point 1 468.000000 73.289330
add_point 1 475.000000 75.138748
add_point 1 479.000000 75.275024
add_point 1 483.000000 74.696854
add_point 1 496.000000 71.074005
add_point 1 501.000000 70.606239
add_point 1 513.000000 71.337769
add_point 1 519.000000 70.817337
add_point 1 523.000000 69.922516
add_point 1 536.000000 65.928635
add_point 1 540.000000 65.171089
add_point 1 556.000000 64.103531
add_point 1 564.000000 64.314545
add_point 1 579.000000 65.712799
add_point 1 591.000000 67.638664
add_point 1 610.000000 72.317772
add_point 1 620.000000 74.004311
add_point 1 628.000000 74.111244
add_point 1 640.000000 72.277542
add_point 1 646.000000 70.566536
add_point 1 651.996338 1263.756348
add_point 1 666.000000 63.483398
add_point 1 674.000000 61.773365
add_point 1 711.000000 59.626385
add_point 1 725.000000 59.262596
add_point 1 732.000000 58.165741
add_point 1 737.000000 56.423817
add_point 1 744.000000 50.726521
add_point 1 747.000000 48.888134
add_point 1 755.000000 46.559433
add_point 1 779.000000 45.434742
add_point 1 787.000000 46.348274
add_point 1 799.000000 51.730541
add_point 1 804.000000 52.670357
add_point 1 829.000000 54.765251
add_point 1 854.000000 58.664421
add_point 1 893.000000 61.051083
add_point 1 911.000000 63.121441
add_point 1 931.000000 66.100876
add_point 1 948.000000 67.928215
add_point 1 972.000000 69.792854
add_point 1 1013.000000 72.246178
add_point 0 1058.000000 71.412933
add_point 1 1061.000000 71.405632
add_point 1 1086.000000 70.462975
add_point 1 1094.000000 69.664963
add_point 1 1108.000000 67.516792
add_point 1 1142.000000 60.106808
add_point 1 1221.000000 48.067135
add_point 1 1236.000000 44.506569
add_point 1 1247.000000 42.789623
add_point 1 1275.000000 41.576855
add_point 1 1288.000000 42.085049
add_point 1 1307.000000 43.543694
add_point 1 1321.000000 42.556435
add_point 1 1327.000000 42.641125
add_point 1 1338.000000 44.224262
add_point 1 1350.000000 47.682907
add_point 1 1358.000000 51.062412
add_point 1 1379.000000 61.492767
add_point 1 1387.000000 64.287437
add_point 1 1395.000000 65.864708
add_point 1 1405.000000 66.255844
add_point 1 1415.000000 65.421623
add_point 1 1439.000000 62.074852
add_point 1 1458.000000 60.190075
add_point 1 1480.000000 58.798134
add_point 0 1502.000000 56.610970
add_point 1 1506.000000 56.184631
add_point 1 1534.000000 53.429699
add_point 1 1569.000000 51.691048
add_point 1 1600.000000 48.378258
add_point 1 1623.000000 47.740681
add_point 1 1631.000000 48.239105
add_point 1 1639.000000 49.395027
add_point 1 1660.000000 49.962833
add_point 1 1674.000000 49.128868
add_point 1 1686.000000 47.071609
add_point 1 1698.000000 43.791653
add_point 1 1735.000000 31.111349
add_point 1 1745.000000 27.969501
add_point 1 1758.000000 24.939363
add_point 1 1766.000000 23.956497
add_point 1 1790.000000 22.604527
add_point 0 1830.000000 21.638905
add_point 1 1833.000000 21.611076
add_point 0 1859.000000 21.571102
add_point 1 1862.000000 21.581570
add_point 0 1938.000000 22.508400
add_point 1 1942.000000 22.571531
add_point 0 1954.000000 22.753695
add_point 1 1957.000000 22.796705
add_point 0 1971.000000 22.988525
add_point 1 1974.000000 23.027258
add_point 0 1975.000000 23.040350
add_point 1 1980.000000 23.104776
add_point 0 2047.000000 24.317606
add_point 1 2050.000000 24.382986
add_point 0 2079.000000 24.888510
add_point 1 2082.000000 24.925426
add_point 0 2087.000000 24.979538
add_point 1 2090.000000 25.007467
add_point 0 2110.000000 25.103546
add_point 1 2158.661865 25.081850
add_gradient 791.623230 1228.967651 678.376648 1160.715332
add_point 1 0.000000 31.820980
add_point 1 13.000000 32.499081
add_point 1 118.463318 44.776978
add_point 1 132.223923 44.700294
add_gradient 1468.667114 555.095764 1486.975708 521.350525
add_point 1 0.000000 0.024475
add_point 1 1.569702 1.192810
add_point 1 4.123779 0.187500
add_point 1 8.362305 -0.111389
add_point 1 31.579468 -0.220032
add_point 1 35.410522 0.323364
add_point 1 37.054321 1.287903
add_point 0 38.391991 0.000000
add_gradient 2071.357910 445.167786 2289.815918 171.297180
add_point 0 0.000000 0.000000
add_point 1 326.220093 -0.125183
add_point 1 348.245361 0.323303
add_point 0 350.327393 1.433411
add_gradient 1603.781616 611.656311 1666.853271 621.995972
add_point 0 0.000000 0.000000
add_point 1 48.327026 -0.024231
add_point 1 60.392456 -0.715881
add_point 1 62.966919 -0.562134
add_point 0 63.913551 0.000000
add_gradient 739.555420 1396.622314 585.007324 1491.911255
add_point 0 0.000000 0.000000
add_point 1 145.032837 0.062622
add_point 1 177.065857 -0.743774
add_point 1 179.884705 -0.003784
add_point 0 181.562927 1.688354
add_gradient 1074.251831 856.651978 1131.140747 1567.289062
add_point 0 0.000000 0.000000
add_point 0 712.910522 0.000000
add_gradient 1450.071289 435.342773 1553.159546 482.134583
add_point 1 0.000000 44.530453
add_point 0 15.881592 44.682800
add_point 1 26.804199 46.204346
add_point 1 34.955322 44.085052
add_point 1 55.000000 40.123299
add_point 1 62.000000 39.443024
add_point 1 89.000000 38.248955
add_point 1 113.210701 34.964027
add_gradient 677.887695 1152.720825 653.833679 1107.379395
add_point 0 0.000000 0.000000
add_point 0 51.326805 0.000000
add_gradient 729.223328 1094.161499 654.525330 1132.202148
add_point 0 0.000000 0.000000
add_point 1 64.730408 0.039917
add_point 1 80.302551 -0.981689
add_point 1 82.544922 -0.881958
add_point 0 83.826500 0.000000
add_gradient 606.913025 1387.003052 673.157532 1465.850830
add_point 1 0.000000 51.295940
add_point 1 8.116028 53.636353
add_point 1 76.000000 47.688416
add_point 1 102.982071 48.566223
add_gradient 755.949768 1554.474243 624.997803 1521.889893
add_point 1 0.000000 60.849007
add_point 1 31.000000 57.088291
add_point 1 41.000000 56.217854
add_point 1 60.596069 57.330200
add_point 1 114.000000 49.791420
add_point 1 124.000000 49.133400
add_point 1 134.945023 49.298077
add_gradient 927.093384 1139.552856 865.036011 1151.290527
add_point 0 0.000000 0.000000
add_point 0 63.157665 0.000000
add_gradient 1399.209106 411.806671 1320.781006 1095.778931
add_point 0 0.000000 0.000000
add_point 1 593.845703 0.323669
add_point 1 684.805542 -1.566956
add_point 0 688.454102 -1.463928
add_gradient 701.917236 935.665527 855.396423 681.727295
add_point 1 0.000000 54.566502
add_point 1 10.056396 56.023193
add_point 0 37.281128 63.576660
add_point 1 47.000000 68.122704
add_point 1 58.000000 69.146469
add_point 1 97.000000 70.277153
add_point 1 145.000000 75.063049
add_point 1 160.000000 75.971039
add_point 1 177.000000 75.766777
add_point 1 192.000000 74.071907
add_point 1 209.000000 70.610687
add_point 1 253.000000 58.547642
add_point 1 274.000000 53.608154
add_point 1 296.716187 49.624878
add_gradient 686.992798 960.705444 891.341431 636.818359
add_point 1 0.000000 52.330418
add_point 1 36.000000 55.577702
add_point 1 49.000000 58.068703
add_point 1 60.000000 61.030151
add_point 1 77.000000 68.364845
add_point 1 79.000000 68.905251
add_point 1 126.000000 70.265022
add_point 1 174.000000 75.033691
add_point 1 189.000000 75.924660
add_point 1 205.000000 75.793495
add_point 1 239.196228 73.778442
add_point 1 368.000000 49.341602
add_point 1 382.963715 48.619427
add_gradient 956.835022 1137.743164 1116.891724 1132.660400
add_point 1 0.000000 63.762039
add_point 1 5.000000 63.259663
add_point 1 63.000000 66.124283
add_point 1 73.000000 69.060295
add_point 1 81.000000 70.662476
add_point 1 89.000000 71.324593
add_point 1 106.000000 70.925468
add_point 1 121.000000 71.825066
add_point 1 129.000000 71.739662
add_point 1 151.000000 69.181076
add_point 1 160.137390 68.710716
add_gradient 816.101257 831.848389 875.429321 849.677551
add_point 1 0.000000 69.682091
add_point 1 9.720032 66.348694
add_point 1 16.665649 60.682495
add_point 1 51.302612 53.005737
add_point 1 61.949158 48.200375
add_gradient 937.346130 1029.858398 958.213074 1254.830078
add_point 1 0.000000 48.086437
add_point 1 5.634399 48.424805
add_point 0 26.967773 56.632202
add_point 1 34.061829 62.528564
add_point 1 38.167725 63.032227
add_point 1 49.000000 62.618317
add_point 0 71.000000 63.293079
add_point 1 74.000000 63.350540
add_point 0 80.000000 63.450771
add_point 1 83.000000 63.494133
add_point 0 92.000000 63.596813
add_point 1 95.000000 63.624210
add_point 0 130.000000 63.812603
add_point 1 133.000000 63.828686
add_point 1 172.000000 64.108467
add_point 1 179.000000 63.483543
add_point 1 184.000000 62.485504
add_point 1 214.000000 53.236233
add_point 1 225.937347 50.138626
add_gradient 1325.748535 776.770508 1316.741089 736.711243
add_point 1 0.000000 66.288223
add_point 1 16.000000 65.960106
add_point 1 36.281250 68.827332
add_point 1 41.059456 73.593910
add_gradient 1010.390015 1577.373047 990.873962 1578.019287
add_point 1 0.000000 84.492088
add_point 1 19.526749 85.172729
add_gradient 688.229858 1138.903198 709.966248 1114.232300
add_point 1 0.000000 46.845131
add_point 1 11.411682 50.863159
add_point 1 23.000000 51.466026
add_point 1 32.880447 52.349133
