startinggate:
[1500.000000 0.000000 920.000000] 1.570000
[1500.000000 0.000000 924.000000] 1.570000
[1500.000000 0.000000 928.000000] 1.570000
[1500.000000 0.000000 932.000000] 1.570000
[1500.000000 0.000000 936.000000] 1.570000
[1500.000000 0.000000 940.000000] 1.570000
[1500.000000 0.000000 944.000000] 1.570000
[1500.000000 0.000000 948.000000] 1.570000
[1500.000000 0.000000 952.000000] 1.570000
[1500.000000 0.000000 956.000000] 1.570000
[1500.000000 0.000000 960.000000] 1.570000
[1500.000000 0.000000 964.000000] 1.570000
[1500.000000 0.000000 968.000000] 1.570000
[1500.000000 0.000000 972.000000] 1.570000
[1500.000000 0.000000 976.000000] 1.570000
[1500.000000 0.000000 980.000000] 1.570000
[1500.000000 0.000000 984.000000] 1.570000
[1500.000000 0.000000 988.000000] 1.570000
[1500.000000 0.000000 992.000000] 1.570000
[1500.000000 0.000000 996.000000] 1.570000
[1500.000000 0.000000 1004.000000] 1.570000
[1500.000000 0.000000 1008.000000] 1.570000
[1500.000000 0.000000 1012.000000] 1.570000
[1500.000000 0.000000 1016.000000] 1.570000
[1500.000000 0.000000 1020.000000] 1.570000
[1500.000000 0.000000 1024.000000] 1.570000
[1500.000000 0.000000 1028.000000] 1.570000
[1500.000000 0.000000 1032.000000] 1.570000
[1500.000000 0.000000 1036.000000] 1.570000
[1500.000000 0.000000 1040.000000] 1.570000
[1500.000000 0.000000 1044.000000] 1.570000
[1500.000000 0.000000 1048.000000] 1.570000
[1500.000000 0.000000 1052.000000] 1.570000
[1500.000000 0.000000 1056.000000] 1.570000
[1500.000000 0.000000 1060.000000] 1.570000
[1500.000000 0.000000 1064.000000] 1.570000
[1500.000000 0.000000 1068.000000] 1.570000
[1500.000000 0.000000 1072.000000] 1.570000
[1500.000000 0.000000 1076.000000] 1.570000
[1500.000000 0.000000 1080.000000] 1.570000
checkpoints:
34.942863 [1225.776733 0.000000 1045.030884] [-34.625488 0.000000 -4.698853]
24.310469 [1108.148926 0.000000 915.403564] [-0.775513 0.000000 -24.298096]
22.494650 [1013.282837 0.000000 820.795654] [-22.488708 0.000000 0.516968]
20.939339 [921.518433 0.000000 887.486450] [-0.258484 0.000000 20.937744]
23.028837 [938.320435 0.000000 1052.921021] [1.033936 0.000000 23.005615]
27.195608 [977.093994 0.000000 1285.045532] [16.026428 0.000000 21.971680]
20.944126 [1164.499634 0.000000 1349.926514] [20.937744 0.000000 -0.516968]
23.471531 [1332.260132 0.000000 1472.192627] [-10.081177 0.000000 21.196289]
22.494589 [1141.235352 0.000000 1550.774048] [-22.488647 0.000000 -0.516968]
21.454712 [821.223877 0.000000 1550.515625] [-21.454712 0.000000 0.000000]
23.816225 [576.433289 0.000000 1417.909546] [-1.292480 0.000000 -23.781128]
21.900126 [667.163635 0.000000 1391.026489] [18.869812 0.000000 11.115112]
19.448717 [827.686401 0.000000 1392.318970] [7.754761 0.000000 -17.835815]
22.500587 [772.110840 0.000000 1211.892334] [-15.250916 0.000000 -16.543457]
24.605474 [663.286377 0.000000 1037.152832] [8.013184 0.000000 -23.264099]
31.489981 [862.324219 0.000000 672.164001] [18.382812 0.000000 -25.567383]
25.887764 [1025.690308 0.000000 492.254425] [22.443604 0.000000 -12.901978]
26.782381 [1259.245361 0.000000 475.514069] [21.698364 0.000000 15.699585]
21.335367 [1460.303955 0.000000 620.459045] [19.009277 0.000000 9.687378]
22.893539 [1499.053467 0.000000 554.475220] [-17.912476 0.000000 -14.256836]
22.085466 [1465.056396 0.000000 436.033478] [21.568115 0.000000 4.752289]
23.201406 [1642.966187 0.000000 557.394104] [12.182129 0.000000 19.745911]
22.653254 [1601.959351 0.000000 691.926208] [-20.057129 0.000000 10.530029]
23.911022 [1312.098145 0.000000 779.696106] [-22.328003 0.000000 8.555542]
24.686121 [1337.841431 0.000000 858.439392] [24.675293 0.000000 -0.731079]
27.815872 [1622.286865 0.000000 766.254578] [26.646973 0.000000 -7.978821]
27.109741 [1713.275635 0.000000 868.616943] [-0.002930 0.000000 27.109741]
22.784451 [1708.105835 0.000000 1157.092529] [-5.434570 0.000000 22.126831]
20.989613 [1642.966187 0.000000 1064.035889] [-0.246948 0.000000 -20.988159]
25.134102 [1524.060425 0.000000 893.432068] [-21.350830 0.000000 13.261414]
50.000000 [1550.000000 0.000000 2000.000000] [1.000000 0.000000 0.000000]
50.000000 [1600.000000 0.000000 2000.000000] [1.000000 0.000000 0.000000]
50.000000 [1650.000000 0.000000 2000.000000] [1.000000 0.000000 0.000000]
50.000000 [1700.000000 0.000000 2000.000000] [1.000000 0.000000 0.000000]
50.000000 [1750.000000 0.000000 2000.000000] [1.000000 0.000000 0.000000]
50.000000 [1800.000000 0.000000 2000.000000] [1.000000 0.000000 0.000000]
50.000000 [1850.000000 0.000000 2000.000000] [1.000000 0.000000 0.000000]
50.000000 [1900.000000 0.000000 2000.000000] [1.000000 0.000000 0.000000]
50.000000 [1950.000000 0.000000 2000.000000] [1.000000 0.000000 0.000000]
50.000000 [2000.000000 0.000000 2000.000000] [1.000000 0.000000 0.000000]
firstlap:
0 1 2 3 4 5 6 7 8 9 10 11 12 13 14 15 16 17 18 19 20 21 22 23 24 25 26 27 28 
normallap:
29 0 1 2 3 4 5 6 7 8 9 10 11 12 13 14 15 16 17 18 19 20 21 22 23 24 25 26 27 28 
